0.000000
0.000000
0.000000
0.000000
0.000000
0.000000
0.000000
0.000000
0.000000
0.000000
0.000000
0.000000
0.000000
0.000000
0.000000
0.000000
0.000000
0.000000
0.000000
0.000000
0.000000
0.000000
0.000000
0.000000
0.000000
0.000000
0.000000
0.000000
0.000000
0.000000
0.000000
0.000000
0.000000
0.000000
0.000000
0.000000
0.957688
0.890898
0.862381
0.843149
0.559669
0.493306
0.922069
0.985605
0.552679
0.661749
0.233738
0.170814
0.082515
0.031886
0.010959
0.004850
0.005374
0.018044
0.680327
0.630464
0.357823
0.162663
0.179404
0.390031
0.411652
0.217238
0.411080
0.395662
0.296451
0.254460
0.305240
0.426849
0.350544
0.378034
0.561835
0.651349
0.823189
0.878805
0.989545
0.480729
0.270289
0.491768
0.533087
0.652657
0.539088
0.156376
0.116778
0.101529
0.189351
0.294972
0.190011
0.155103
0.177671
0.162124
0.000000
0.000000
0.000000
0.000000
0.000000
0.000000
0.000000
0.000000
0.000000
0.000000
0.000000
0.000000
0.000000
0.000000
0.000000
0.000000
0.000000
0.000000
0.000000
0.000000
0.000000
0.000000
0.000000
0.000000
0.000000
0.000000
0.000000
0.000000
0.000000
0.000000
0.000000
0.000000
0.000000
0.000000
0.000000
0.000000
0.000000
0.000000
0.000000
0.000000
0.000000
0.000000
0.000000
0.000000
0.000000
0.000000
0.000000
0.000000
0.000000
0.000000
0.000000
0.000000
0.000000
0.000000
0.000000
0.000000
0.000000
0.000000
0.000000
0.000000
0.000000
0.000000
0.000000
0.000000
0.000000
0.000000
0.000000
0.000000
0.000000
0.000000
0.000000
0.000000
