0.045041
0.230931
0.731569
0.424793
0.826322
0.479858
0.711292
0.164181
0.244675
0.841807
0.446843
0.042955
0.908332
0.761167
0.451186
0.532488
0.890657
0.325654
0.595080
0.685062
0.406989
0.108436
0.260312
0.269355
0.199591
0.387748
0.410798
0.158656
0.920768
0.408096
0.951171
0.791712
0.702890
0.905141
0.139436
0.057655
0.583600
0.889670
0.694146
0.070280
0.345831
0.205160
0.247226
0.947354
0.086504
0.393783
0.538605
0.568092
0.345598
0.086312
0.565106
0.816820
0.717182
0.554077
0.617970
0.899659
0.795942
0.175863
0.131235
0.087266
0.927022
0.948603
0.781033
0.607867
0.879615
0.679254
0.612103
0.699821
0.235765
0.506350
0.133964
0.486449
0.317434
0.991107
0.045041
0.991705
0.249446
0.979435
0.908404
0.354955
0.020366
0.188321
0.685429
0.222585
0.116207
0.855605
0.888567
0.630920
0.122366
0.670244
0.840309
0.489514
0.335934
0.043174
0.923785
0.730497
0.400747
0.135232
0.317660
0.387402
0.310135
0.180103
0.163198
0.966415
0.257206
0.206184
0.389081
0.391965
0.045275
0.489271
0.169453
0.537893
0.641580
0.362174
0.605204
0.610954
0.880169
0.852191
0.015362
0.197704
0.307701
0.266701
0.635011
0.592534
0.307336
0.280037
0.388949
0.570463
0.942724
0.398999
0.996894
0.613100
0.052376
0.372208
0.791761
0.136378
0.216557
0.437766
0.699973
0.582977
0.153836
0.259239
0.765802
0.744506
0.735812
0.248320
0.108987
0.989196
0.063281
0.751082
0.068917
0.424117
0.005811
0.632074
0.479285
0.540328
0.620794
0.755761
0.929365
0.544747
0.395168
0.726704
0.262229
0.049833
0.276895
0.620380
0.158743
0.018406
0.240338
0.151117
0.568349
0.847141
0.927921
0.654499
0.806821
0.405179
0.267360
0.391617
0.758317
0.551420
0.886196
0.478028
0.943380
0.035391
0.238728
0.826642
0.204218
0.122435
0.723980
0.782106
0.357758
0.623520
0.922987
0.020956
0.403639
0.123910
0.468056
0.679047
0.574440
0.010318
0.604836
0.024235
0.042603
0.893024
0.836451
0.429565
0.100726
0.225421
0.803992
0.313584
0.397645
0.834444
0.499992
0.899803
0.630290
0.172395
0.218504
0.920411
0.641419
0.090465
0.089165
0.894030
0.063281
0.678311
0.436849
0.437031
0.256627
0.512153
0.574493
0.256726
0.366468
0.734280
0.628192
0.330574
0.122714
0.889253
0.472692
0.601028
0.450391
0.869918
0.688613
0.552752
0.530472
0.263768
0.267661
0.104831
0.853602
0.042114
0.062318
0.653237
0.301717
0.672133
0.193607
0.065766
0.486549
0.410043
0.548670
0.032398
0.278257
0.353940
0.166730
0.356298
0.367585
0.852831
0.489221
0.118579
0.706160
0.717696
0.497487
0.850599
0.451700
0.970099
0.887499
0.066912
0.140279
0.211928
0.766647
0.975343
0.051190
0.750675
0.706935
0.669092
0.501665
0.708332
0.681086
0.499891
0.806918
0.416062
0.775049
0.850126
0.127121
0.278668
0.788720
0.646305
0.048440
0.894030
0.537337
0.510662
0.747443
0.461400
0.181320
0.203171
0.719501
0.640473
0.860875
0.733920
0.188196
0.556483
0.755460
0.646043
0.910239
0.357430
0.555816
0.586610
0.681507
0.504475
0.941762
0.656284
0.113465
0.460644
0.068394
0.261742
0.875370
0.821158
0.215631
0.891711
0.539466
0.538605
0.866481
0.088467
0.241503
0.492738
0.805501
0.779615
0.817146
0.829994
0.939530
0.002043
0.800286
0.380284
0.518180
0.214373
0.651975
0.191534
0.443684
0.969910
0.053124
0.316984
0.199962
0.388351
0.552902
0.953913
0.098701
0.151810
0.624519
0.964749
0.940148
0.147803
0.764855
0.202717
0.428244
0.529668
0.442292
0.381938
0.899510
0.381515
0.157959
0.352449
0.880169
0.217204
0.547595
0.832875
0.409290
0.356131
0.259661
0.828184
0.548155
0.794502
0.479766
0.359025
0.953180
0.677528
0.156079
0.373170
0.002827
0.200597
0.917561
0.360534
0.185501
0.203602
0.241593
0.707041
0.198959
0.519329
0.162217
0.322418
0.330687
0.722798
0.216334
0.358535
0.030143
0.165080
0.761365
0.901212
0.236339
0.754149
0.681507
0.812263
0.328530
0.068011
0.735147
0.697427
0.162418
0.152146
0.495325
0.110814
0.616712
0.834935
0.492101
0.882869
0.296860
0.432260
0.656707
0.900345
0.373335
0.311354
0.077145
0.831348
0.867547
0.561200
0.525544
0.938681
0.392440
0.645358
0.035870
0.161532
0.971278
0.283448
0.981439
0.054157
0.908994
0.985418
0.709995
0.217204
0.887690
0.666464
0.302663
0.791662
0.617494
0.042820
0.891898
0.717023
0.305651
0.851632
0.029648
0.815475
0.149061
0.058129
0.857678
0.528105
0.519731
0.706471
0.714443
0.398737
0.215492
0.383003
0.470966
0.935576
0.463254
0.303062
0.999533
0.013101
0.227457
0.110447
0.416062
0.198724
0.084772
0.590507
0.891937
0.886658
0.169545
0.481698
0.200593
0.069000
0.057808
0.063242
0.071908
0.714186
0.055822
0.436479
0.903721
0.279078
0.219128
0.221467
0.986971
0.624626
0.736119
0.268488
0.772291
0.155285
0.701276
0.892574
0.276691
0.295718
0.444194
0.982029
0.977922
0.811886
0.637272
0.510712
0.111536
0.884149
0.708803
0.525191
0.273646
0.152103
0.278018
0.573456
0.887690
0.945506
0.836229
0.713307
0.346392
0.491614
0.769473
0.948833
0.158134
0.957846
0.081852
0.077297
0.319618
0.886236
0.946117
0.909754
0.082195
0.864334
0.626509
0.855051
0.507046
0.195462
0.965433
0.670974
0.363083
0.472741
0.456958
0.352207
0.903257
0.712376
0.092057
0.156511
0.446284
0.740140
0.394259
0.625410
0.369867
0.793735
0.337733
0.656807
0.585728
0.969125
0.378505
0.113221
0.985913
0.584588
0.042315
0.145967
0.644727
0.594302
0.123768
0.917561
0.864334
0.457856
0.483052
0.200275
0.582301
0.944328
0.974662
0.340838
0.077763
0.000010
0.888913
0.966251
0.546319
0.505612
0.270088
0.766101
0.805266
0.360984
0.132593
0.747998
0.335934
0.573456
0.358128
0.938085
0.426653
0.951223
0.461026
0.046175
0.338912
0.947197
0.289198
0.582407
0.982347
0.349309
0.928782
0.982250
0.926712
0.849652
0.469153
0.411866
0.034716
0.377325
0.465007
0.750727
0.706882
0.790072
0.535618
0.888378
0.752240
0.633650
0.733209
0.864789
0.536677
0.606504
0.374717
0.163064
0.373458
0.300023
0.671503
0.952665
0.328840
0.379652
0.763557
0.709114
0.545865
0.634542
0.346474
0.576401
0.774659
0.813103
0.192964
0.313731
0.054461
0.537137
0.239579
0.014845
0.935486
0.808517
0.119858
0.734078
0.190161
0.916634
0.218111
0.117901
0.806020
0.101346
0.704031
0.396256
0.597064
0.229573
0.899803
0.615454
0.807152
0.446939
0.081534
0.796994
0.358128
0.424614
0.712012
0.880013
0.487567
0.438691
0.776036
0.074958
0.960345
0.069222
0.013211
0.488929
0.647513
0.311506
0.195569
0.671711
0.723363
0.199749
0.077939
0.061746
0.420052
0.479476
0.137457
0.677106
0.803090
0.822671
0.485716
0.894215
0.575522
0.694199
0.304410
0.222585
0.897026
0.314736
0.874207
0.019340
0.588839
0.753700
0.448988
0.417808
0.145501
0.323749
0.088334
0.353496
0.106567
0.824319
0.369581
0.189883
0.893210
0.271597
0.129392
0.215742
0.539518
0.463108
0.326764
0.442245
0.516886
0.551884
0.144047
0.919108
0.071658
0.521930
0.312838
0.824045
0.134113
0.162106
0.641473
0.496359
0.226670
0.459225
0.900021
0.350155
0.249105
0.796994
0.679936
0.212289
0.805453
0.080060
0.839338
0.703924
0.816032
0.973674
0.468768
0.473605
0.865781
0.427651
0.619436
0.859701
0.504577
0.659960
0.292904
0.797519
0.481068
0.772486
0.873766
0.767243
0.940791
0.554796
0.309248
0.132574
0.099440
0.759615
0.661744
0.959493
0.442245
0.226145
0.672394
0.737291
0.892613
0.598523
0.536833
0.710821
0.215660
0.614303
0.771748
0.961627
0.105106
0.640896
0.759967
0.792100
0.269521
0.481259
0.715064
0.524235
0.902255
0.747295
0.972878
0.534049
0.632758
0.897870
0.443684
0.857851
0.261093
0.357961
0.436061
0.589776
0.760618
0.169362
0.323136
0.829815
0.419604
0.792389
0.797281
0.380284
0.927952
0.017532
0.679568
0.915902
0.679936
0.007699
0.387490
0.980445
0.240799
0.471163
0.116322
0.546580
0.072367
0.356173
0.923753
0.402063
0.404038
0.749064
0.381222
0.032983
0.273374
0.903152
0.580282
0.942889
0.370203
0.993951
0.200914
0.573766
0.646512
0.169521
0.907008
0.455034
0.738411
0.183867
0.662636
0.080554
0.391617
0.695657
0.131308
0.468817
0.216026
0.052254
0.218422
0.161707
0.293190
0.487859
0.371785
0.086352
0.139221
0.135804
0.834490
0.545358
0.854371
0.907043
0.912869
0.017322
0.311652
0.655076
0.003506
0.790893
0.964581
0.533494
0.022597
0.997328
0.480056
0.747798
0.608495
0.931489
0.427971
0.223995
0.734025
0.990257
0.736731
0.593784
0.072181
0.181395
0.230576
0.915902
0.250423
0.264094
0.180082
0.747746
0.641157
0.038288
0.341075
0.929303
0.091149
0.542662
0.187568
0.203520
0.861921
0.890430
0.558945
0.604783
0.607346
0.684954
0.735708
0.922509
0.650506
0.424117
0.848570
0.401228
0.112489
0.349632
0.705278
0.484458
0.824045
0.829676
0.664581
0.179066
0.307115
0.724492
0.009277
0.756709
0.526596
0.521131
0.148771
0.309691
0.839383
0.217995
0.927952
0.934904
0.588687
0.855605
0.657230
0.088060
0.288007
0.855138
0.939133
0.254610
0.053623
0.649775
0.391447
0.766247
0.030939
0.476681
0.247505
0.938681
0.507641
0.945666
0.939022
0.742173
0.002110
0.408758
0.693886
0.962757
0.906550
0.670820
0.842470
0.455503
0.896142
0.695184
0.250423
0.320786
0.344008
0.472790
0.126831
0.831301
0.026941
0.587492
0.181981
0.992130
0.113025
0.481649
0.917793
0.566342
0.831796
0.330342
0.196241
0.610479
0.150325
0.552647
0.641050
0.179936
0.580851
0.050357
0.271524
0.750727
0.678732
0.159639
0.962497
0.940958
0.363451
0.596072
0.361723
0.777511
0.008162
0.054242
0.882166
0.446891
0.818439
0.430066
0.357675
0.585310
0.174770
0.883996
0.806352
0.522231
0.157416
0.758963
0.500684
0.430480
0.949168
0.159790
0.590819
0.159966
0.456868
0.682971
0.054800
0.889748
0.608863
0.039127
0.721667
0.248352
0.005291
0.484408
0.949296
0.521380
0.105934
0.115357
0.159703
0.645043
0.804934
0.330110
0.394342
0.695184
0.670928
0.218135
0.920283
0.441275
0.566033
0.821939
0.448147
0.983265
0.748405
0.317248
0.127282
0.536329
0.358576
0.233784
0.577280
0.197573
0.823449
0.136437
0.906447
0.121235
0.302881
0.587074
0.549125
0.719245
0.622944
0.233574
0.548364
0.876007
0.014301
0.435792
0.157981
0.197911
0.995609
0.649721
0.394602
0.483492
0.592793
0.936040
0.168602
0.636534
0.800621
0.091474
0.002479
0.579713
0.949014
0.590507
0.304442
0.192248
0.720943
0.158545
0.842644
0.060507
0.780546
0.122174
0.894700
0.651137
0.889936
0.823770
0.922091
0.376528
0.713716
0.938710
0.984612
0.661221
0.469916
0.734788
0.580851
0.101288
0.653553
0.238848
0.971112
0.177528
0.517983
0.500634
0.670928
0.162773
0.856115
0.712376
0.547647
0.694459
0.177602
0.801192
0.111503
0.704183
0.718935
0.578159
0.170885
0.456254
0.030655
0.135673
0.339229
0.943025
0.396905
0.511360
0.072050
0.872757
0.960902
0.348511
0.210853
0.027184
0.909065
0.487959
0.751886
0.524691
0.474083
0.937338
0.385052
0.741004
0.441411
0.427565
0.633858
0.109017
0.322607
0.368746
0.663743
0.941068
0.237693
0.979765
0.796132
0.474041
0.268493
0.382025
0.873082
0.621109
0.851846
0.009761
0.083655
0.864995
0.221782
0.782499
0.328147
0.706882
0.599149
0.153097
0.425338
0.956093
0.287448
0.341630
0.376312
0.640788
0.024391
0.317847
0.587127
0.876883
0.191459
0.814174
0.028672
0.500634
0.002657
0.519234
0.153370
0.948110
0.382405
0.551831
0.866029
0.873324
0.031409
0.100184
0.059636
0.137901
0.670190
0.661275
0.969642
0.556843
0.037743
0.689500
0.600295
0.251436
0.340209
0.308806
0.531380
0.807387
0.767141
0.343015
0.047403
0.563306
0.943352
0.301685
0.504179
0.153094
0.161509
0.373962
0.530066
0.972139
0.422581
0.173944
0.080155
0.983438
0.614089
0.976622
0.237241
0.622683
0.362547
0.955405
0.859283
0.948212
0.811284
0.785666
0.360864
0.148565
0.375893
0.209750
0.894738
0.217572
0.469965
0.083880
0.637588
0.364852
0.084181
0.011331
0.440212
0.062634
0.571959
0.935516
0.069157
0.568862
0.119790
0.828503
0.250045
0.454656
0.435375
0.325654
0.002657
0.945880
0.764855
0.180177
0.830403
0.520684
0.461074
0.872272
0.665788
0.912805
0.448892
0.334916
0.399870
0.246632
0.173452
0.784840
0.214120
0.431209
0.174818
0.199090
0.346590
0.745419
0.672394
0.108671
0.050515
0.924894
0.812639
0.916102
0.009046
0.495476
0.881737
0.056492
0.082294
0.388219
0.593105
0.291453
0.368247
0.980765
0.511411
0.813663
0.718520
0.857554
0.036660
0.206295
0.573660
0.620272
0.370868
0.357066
0.795893
0.284072
0.418169
0.081731
0.607186
0.528304
0.938992
0.761116
0.822301
0.293653
0.229452
0.663843
0.567164
0.290786
0.992040
0.703978
0.991491
0.096483
0.270553
0.470539
0.787166
0.613828
0.951145
0.790313
0.460457
0.325654
