0.226901
0.951046
0.839513
0.823402
0.404522
0.886888
0.804131
0.769422
0.242362
0.816311
0.819500
0.538301
0.607086
0.216557
0.991849
0.160978
0.296320
0.208520
0.869757
0.368290
0.339303
0.476004
0.245729
0.478127
0.877005
0.948083
0.409777
0.730954
0.236639
0.389554
0.257819
0.645674
0.017860
0.040676
0.685582
0.826961
0.551218
0.710199
0.272502
0.136820
0.869148
0.613567
0.263998
0.161486
0.965701
0.679675
0.707246
0.513646
0.667886
0.388609
0.167460
0.713929
0.454656
0.334181
0.553006
0.964246
0.540328
0.832290
0.961868
0.593837
0.641996
0.527501
0.804131
0.066413
0.811797
0.038221
0.859030
0.810159
0.836542
0.252829
0.586040
0.657960
0.306310
0.549992
0.226901
0.169659
0.815570
0.894662
0.840574
0.697534
0.342540
0.556071
0.928323
0.111166
0.934551
0.703042
0.304955
0.187520
0.151117
0.323442
0.965905
0.245916
0.902434
0.139144
0.885542
0.919500
0.724131
0.886196
0.717439
0.136800
0.299337
0.658122
0.560786
0.637272
0.303243
0.824727
0.277713
0.579243
0.589623
0.526699
0.944919
0.751532
0.373041
0.002149
0.885310
0.502452
0.342818
0.759468
0.566237
0.819176
0.148339
0.708750
0.044377
0.501910
0.175977
0.311837
0.517785
0.865285
0.944490
0.057727
0.594356
0.312430
0.617655
0.020417
0.079117
0.150407
0.310763
0.164991
0.073825
0.725524
0.617709
0.061405
0.176622
0.104358
0.741518
0.195284
0.867343
0.601548
0.829769
0.037814
0.486499
0.010067
0.659960
0.433541
0.349955
0.050919
0.313655
0.097780
0.649244
0.615822
0.508584
0.265941
0.016447
0.164967
0.097164
0.162976
0.163509
0.865533
0.417046
0.411957
0.811092
0.463776
0.143789
0.173476
0.701535
0.070130
0.886809
0.437995
0.906797
0.641573
0.224983
0.888913
0.274625
0.920834
0.705795
0.028821
0.760267
0.146476
0.812078
0.622629
0.064149
0.301071
0.645097
0.214930
0.244644
0.883956
0.521732
0.861793
0.298725
0.984750
0.805972
0.697374
0.631020
0.555816
0.114071
0.847013
0.350114
0.164519
0.836183
0.259338
0.063640
0.236065
0.126220
0.619436
0.296288
0.907740
0.343172
0.454938
0.140846
0.052020
0.289132
0.526794
0.829769
0.166866
0.829815
0.491271
0.389938
0.663005
0.519629
0.238723
0.268293
0.607293
0.263441
0.068259
0.406019
0.485866
0.936040
0.734691
0.013968
0.170099
0.822718
0.717749
0.030605
0.834667
0.064532
0.522231
0.147170
0.440720
0.520281
0.333713
0.834398
0.634019
0.138307
0.849089
0.915099
0.419558
0.758317
0.933518
0.993508
0.119567
0.817932
0.722232
0.609904
0.039159
0.886736
0.251719
0.486591
0.288957
0.563924
0.985744
0.276895
0.334220
0.139007
0.700651
0.665680
0.860248
0.181734
0.960479
0.111857
0.451282
0.142627
0.257980
0.541695
0.710048
0.677106
0.859831
0.999260
0.385396
0.811517
0.557301
0.269487
0.927240
0.630659
0.127481
0.194894
0.526794
0.740446
0.134058
0.817146
0.027069
0.511505
0.296252
0.069515
0.047529
0.979359
0.439935
0.216277
0.775496
0.964098
0.330648
0.228896
0.643258
0.287028
0.001882
0.722127
0.378085
0.805501
0.159267
0.454091
0.611007
0.947013
0.275503
0.922477
0.353662
0.211540
0.048631
0.135709
0.910169
0.045683
0.015644
0.954204
0.675326
0.016841
0.097666
0.467008
0.278908
0.481649
0.900164
0.123926
0.419874
0.748405
0.832875
0.716562
0.665157
0.892124
0.308364
0.765402
0.396644
0.845445
0.138870
0.162594
0.273039
0.934491
0.083543
0.611475
0.202932
0.152568
0.816637
0.080578
0.864334
0.733718
0.247006
0.805550
0.619589
0.091406
0.597583
0.886196
0.997372
0.569692
0.356822
0.740446
0.231669
0.659068
0.740751
0.988891
0.468629
0.161175
0.127081
0.675856
0.060070
0.033697
0.131365
0.836053
0.918748
0.199854
0.233456
0.602435
0.586869
0.672026
0.097794
0.077518
0.550553
0.979435
0.984975
0.672448
0.587074
0.449132
0.582924
0.469391
0.451934
0.708181
0.594150
0.632596
0.128677
0.750831
0.874807
0.091246
0.639111
0.217514
0.192454
0.967993
0.892311
0.023087
0.091138
0.685008
0.765751
0.202264
0.234920
0.379100
0.390544
0.419242
0.648513
0.667832
0.806586
0.665995
0.434918
0.686417
0.884421
0.507887
0.093740
0.082762
0.930369
0.043194
0.565159
0.508831
0.794889
0.825095
0.838806
0.003501
0.953621
0.645304
0.908821
0.920735
0.356822
0.557766
0.547752
0.134967
0.275979
0.860205
0.405489
0.897870
0.237272
0.505807
0.886809
0.176169
0.083332
0.431436
0.342302
0.436344
0.466485
0.004923
0.660645
0.862587
0.690547
0.734893
0.153519
0.598836
0.463678
0.051518
0.500778
0.649298
0.374134
0.360414
0.694146
0.906164
0.939501
0.102582
0.369203
0.203602
0.420415
0.152587
0.910788
0.753044
0.115690
0.133850
0.463539
0.338515
0.843299
0.878273
0.971112
0.340289
0.475138
0.880169
0.969240
0.197023
0.805550
0.893659
0.166936
0.617655
0.498466
0.961627
0.029251
0.441275
0.036181
0.908785
0.373667
0.416331
0.688406
0.469727
0.762067
0.253942
0.600142
0.833591
0.958537
0.358780
0.858820
0.496553
0.594409
0.560433
0.250202
0.859954
0.619804
0.134171
0.327107
0.683859
0.562998
0.281481
0.555508
0.527604
0.074295
0.268756
0.150075
0.931999
0.217233
0.905741
0.086185
0.676378
0.802187
0.251844
0.222673
0.220241
0.171907
0.331928
0.035056
0.495670
0.083481
0.376991
0.703042
0.706418
0.585310
0.989065
0.917396
0.590248
0.241535
0.148958
0.385221
0.915133
0.262100
0.924514
0.198936
0.525794
0.881307
0.811517
0.081473
0.300922
0.579554
0.880324
0.782399
0.960099
0.253560
0.340722
0.075822
0.694459
0.471065
0.638011
0.380924
0.542461
0.535870
0.011248
0.701382
0.802805
0.492101
0.358164
0.195827
0.720377
0.282582
0.818716
0.916600
0.077506
0.687205
0.808565
0.594409
0.775344
0.717023
0.678939
0.225068
0.052222
0.764855
0.583547
0.019492
0.654291
0.076280
0.460644
0.174559
0.350638
0.654814
0.604890
0.093963
0.944111
0.478847
0.429839
0.519578
0.202960
0.104726
0.000762
0.478028
0.109429
0.616083
0.732490
0.371785
0.631443
0.127481
0.380160
0.660698
0.173569
0.235013
0.916999
0.455689
0.437442
0.690494
0.820330
0.893473
0.319845
0.151998
0.384070
0.509571
0.451001
0.320636
0.452263
0.847922
0.359432
0.224431
0.268094
0.452030
0.148586
0.088519
0.833414
0.488201
0.153942
0.727163
0.578780
0.711701
0.559816
0.433628
0.885118
0.207188
0.398827
0.506307
0.860500
0.217514
0.308364
0.573766
0.458851
0.349591
0.901286
0.148441
0.775344
0.111279
0.911130
0.565053
0.504526
0.962993
0.857089
0.790893
0.842554
0.297899
0.909961
0.050145
0.257786
0.471401
0.513202
0.558742
0.655707
0.923911
0.222299
0.434642
0.196920
0.692213
0.575984
0.974111
0.122593
0.193452
0.243901
0.978640
0.592846
0.202027
0.428204
0.164069
0.636065
0.815012
0.323214
0.953767
0.361315
0.733157
0.411247
0.800335
0.662636
0.813895
0.356578
0.009898
0.128787
0.007886
0.627769
0.231139
0.217966
0.006609
0.433131
0.040144
0.887998
0.442340
0.870812
0.104103
0.448427
0.361068
0.075037
0.318597
0.682235
0.614357
0.498962
0.768682
0.594981
0.450905
0.010941
0.314288
0.352691
0.350638
0.000069
0.608602
0.160472
0.148441
0.130053
0.004421
0.966859
0.019132
0.475863
0.322112
0.123433
0.733209
0.812871
0.487083
0.961890
0.060079
0.992952
0.100418
0.065068
0.550455
0.531934
0.695810
0.762118
0.294147
0.692893
0.952194
0.840264
0.968989
0.493812
0.166301
0.836229
0.135863
0.904362
0.140846
0.399351
0.368411
0.615032
0.952194
0.619904
0.830172
0.119072
0.758215
0.328339
0.030566
0.607239
0.339263
0.793010
0.501268
0.297432
0.417138
0.683285
0.974198
0.118494
0.937884
0.321884
0.863087
0.992089
0.073038
0.934375
0.339891
0.701793
0.622368
0.474132
0.435832
0.676324
0.619121
0.276283
0.457621
0.614196
0.015818
0.842161
0.759967
0.494300
0.548513
0.185450
0.941096
0.716305
0.523934
0.130053
0.257692
0.585880
0.323559
0.971939
0.462872
0.841678
0.251719
0.909653
0.241777
0.222097
0.940148
0.874848
0.385390
0.368454
0.161908
0.678525
0.853088
0.675065
0.807718
0.826688
0.843870
0.255411
0.931727
0.348751
0.865533
0.050776
0.176741
0.104421
0.303898
0.845400
0.621792
0.029827
0.382835
0.268989
0.443541
0.616290
0.989236
0.474997
0.383346
0.101229
0.886697
0.872597
0.452126
0.137745
0.408096
0.755305
0.879696
0.576658
0.669929
0.314288
0.716252
0.599149
0.719554
0.779909
0.024718
0.556536
0.845879
0.164585
0.970118
0.256373
0.165509
0.755305
0.204726
0.125025
0.993125
0.107824
0.997939
0.412576
0.519629
0.660745
0.008451
0.368868
0.523934
0.187318
0.107248
0.400440
0.146781
0.757062
0.323632
0.967736
0.016001
0.502994
0.133005
0.785516
0.075605
0.829497
0.759366
0.761964
0.312952
0.789393
0.570100
0.179646
0.293367
0.090787
0.915902
0.169636
0.335465
0.787315
0.553568
0.422310
0.342696
0.047011
0.531986
0.582559
0.994969
0.003160
0.714080
0.737851
0.312245
0.026302
0.849823
0.075435
0.490149
0.932687
0.641734
0.368290
0.327225
0.592640
0.724907
0.877005
0.138597
0.531779
0.370288
0.837786
0.280348
0.967875
0.974284
0.100023
0.282203
0.871667
0.555104
0.830806
0.001269
0.402982
0.230160
0.584686
0.296393
0.868819
0.798715
0.349873
0.764257
0.151853
0.989982
0.370038
0.329997
0.486741
0.130164
0.187318
0.552340
0.232474
0.212593
0.077915
0.168236
0.934021
0.609383
0.589052
0.301972
0.725057
0.012642
0.546275
0.503586
0.158743
0.077494
0.581056
0.269721
0.996038
0.601028
0.032424
0.547953
0.015866
0.676792
0.162773
0.069664
0.805598
0.210273
0.347632
0.460457
0.791232
0.140512
0.413647
0.695550
0.215602
0.321279
0.200248
0.607974
0.133908
0.774313
0.981778
0.992236
0.735401
0.326192
0.065427
0.202666
0.168189
0.150432
0.694039
0.190770
0.305833
0.302844
0.266139
0.801094
0.864540
0.906411
0.191381
0.811702
0.108703
0.184384
0.852449
0.011487
0.077576
0.220780
0.942560
0.643365
0.130550
0.538049
0.616765
0.396778
0.821663
0.317924
0.487617
0.130164
0.625725
0.988953
0.220069
0.694665
0.504526
0.589418
0.771451
0.959942
0.850341
0.645566
0.913584
0.149662
0.166707
0.792340
0.018563
0.972229
0.984763
0.607186
0.229689
0.327956
0.182590
0.722745
0.588010
0.008622
0.168008
0.352248
0.451186
0.221236
0.623052
0.995508
0.275840
0.808984
0.954325
0.670766
0.282239
0.383259
0.102448
0.393434
0.240615
0.978033
0.985406
0.881972
0.179380
0.054342
0.057318
0.258689
0.060554
0.487517
0.220295
0.148441
0.474660
0.840354
0.513245
0.371492
0.314064
0.105473
0.051543
0.347591
0.960391
0.231878
0.381390
0.778933
0.527803
0.415394
0.001058
0.721923
0.609123
0.186842
0.272970
0.372538
0.262425
0.030730
0.245666
0.616397
0.625725
0.263340
0.997916
0.239182
0.427924
0.286017
0.624573
0.009077
0.132931
0.386549
0.573456
0.702265
0.489464
0.883763
0.945985
0.623520
0.686677
0.992814
0.671450
0.535114
0.219186
0.347234
0.512553
0.568658
0.935895
0.515637
0.261155
0.013276
0.509920
0.910959
0.408006
0.467057
0.939530
0.160295
0.101628
0.171630
0.337578
0.436479
0.701169
0.439610
0.268556
0.650244
0.647990
0.082775
0.071278
0.482088
0.747643
0.169362
0.001146
0.750121
0.226170
0.738157
0.097824
0.924134
0.586709
0.918877
0.008680
0.257980
0.393308
0.606979
0.197103
0.763360
0.186295
0.258495
0.828954
0.222614
0.600822
0.662221
0.481408
0.322112
0.188269
0.051366
0.054016
0.616397
0.512801
0.169798
0.777410
0.268390
0.637219
0.896768
0.854839
0.062933
0.886117
0.621424
0.906236
0.820236
0.626094
0.876486
0.375388
0.084634
0.862837
0.819271
0.436250
0.227020
0.117464
0.484217
0.038768
0.957245
0.275671
0.894330
0.950770
0.204163
0.055942
0.059234
0.380241
0.419380
0.525441
0.063059
0.242853
0.553725
0.269219
0.506901
0.118459
0.923403
0.017371
0.351564
0.421992
0.935400
0.483003
0.088164
0.412446
0.875246
0.233666
0.100214
0.112796
0.252954
0.905141
0.635957
0.780740
0.467385
0.251751
0.024093
0.001818
0.373127
0.005199
0.289590
0.820653
0.365432
0.843434
0.900853
0.343607
0.919730
0.864540
0.274081
0.924450
0.436479
0.118631
0.392092
0.512801
0.074586
0.971609
0.944596
0.380117
0.631812
0.424071
0.016114
0.682710
0.763812
0.033170
0.278873
0.487567
0.112326
0.173194
0.908021
0.054546
0.191482
0.118730
0.684066
0.451796
0.287310
0.464534
0.972229
0.165486
0.394602
0.596751
0.722232
0.420956
0.005314
0.843344
0.645728
0.615975
0.128134
0.486157
0.078903
0.230013
0.637011
0.446332
0.817051
0.241225
0.782985
0.737291
0.513945
0.080734
0.897064
0.346912
0.248853
0.412224
0.060552
0.747746
0.777655
0.211236
0.176026
0.254676
0.404612
0.364356
0.663789
0.511163
0.866729
0.810955
0.611735
0.795605
0.641580
0.036095
0.573766
0.943352
0.833952
0.874889
0.216219
0.974284
0.365432
0.580540
0.392092
