0.052621
0.112262
0.672655
0.603169
0.179476
0.960234
0.796082
0.267826
0.123856
0.317583
0.846880
0.694772
0.943921
0.443589
0.341908
0.633596
0.998578
0.343253
0.550298
0.674912
0.981553
0.835517
0.189454
0.850814
0.711496
0.307556
0.322151
0.789832
0.688720
0.948394
0.952220
0.837031
0.796657
0.688406
0.916000
0.423706
0.460790
0.103558
0.305469
0.955833
0.767592
0.655130
0.718678
0.390411
0.104663
0.004706
0.440855
0.232771
0.346152
0.712118
0.449405
0.192222
0.060302
0.636642
0.551981
0.651660
0.989808
0.012132
0.499790
0.047463
0.426833
0.113942
0.001921
0.351805
0.878470
0.333987
0.759168
0.244367
0.208192
0.925208
0.619589
0.676792
0.452311
0.646566
0.052621
0.042624
0.466338
0.854539
0.499596
0.787847
0.413739
0.826868
0.851934
0.889598
0.407345
0.812543
0.460125
0.812591
0.038657
0.858481
0.965761
0.371993
0.840044
0.049888
0.330614
0.669299
0.022897
0.818209
0.491414
0.606979
0.540937
0.567677
0.235342
0.689186
0.413601
0.466290
0.624465
0.969317
0.988234
0.397301
0.709479
0.819959
0.135483
0.367621
0.210547
0.717953
0.423938
0.968014
0.720996
0.828184
0.566855
0.747598
0.461969
0.281139
0.398386
0.887499
0.942258
0.756614
0.666257
0.841149
0.596805
0.713716
0.120666
0.906936
0.616497
0.058308
0.628768
0.342540
0.181562
0.722948
0.188372
0.599928
0.937683
0.728087
0.765402
0.947224
0.371327
0.592793
0.875288
0.192147
0.257881
0.904289
0.219669
0.065386
0.954639
0.091650
0.682289
0.443779
0.374631
0.368868
0.764855
0.928661
0.584116
0.692893
0.331577
0.053049
0.951046
0.363246
0.106072
0.051550
0.925774
0.685896
0.177458
0.779471
0.088519
0.698624
0.179766
0.610065
0.117479
0.143806
0.856071
0.691380
0.640526
0.896034
0.891898
0.476822
0.205780
0.222442
0.964853
0.748154
0.133908
0.811702
0.845707
0.645097
0.570259
0.252987
0.691120
0.608235
0.072608
0.110702
0.086018
0.339776
0.067979
0.656968
0.148565
0.172118
0.041901
0.799763
0.476202
0.154387
0.945346
0.385008
0.903330
0.415033
0.961277
0.587180
0.110094
0.962605
0.331463
0.978624
0.395428
0.057638
0.875288
0.018603
0.816637
0.565001
0.227341
0.813847
0.036042
0.411065
0.340919
0.817423
0.094642
0.544441
0.413425
0.832921
0.812167
0.317319
0.671972
0.182665
0.229366
0.761167
0.430614
0.252099
0.598370
0.831209
0.223538
0.198747
0.383771
0.359635
0.344800
0.231878
0.263604
0.989876
0.472980
0.078384
0.999376
0.123856
0.853433
0.996688
0.133192
0.117227
0.691380
0.998027
0.152315
0.974698
0.975192
0.015757
0.602955
0.969452
0.737441
0.775986
0.336518
0.883803
0.700704
0.670244
0.990096
0.141993
0.757664
0.194044
0.538301
0.840354
0.513296
0.017650
0.659383
0.193708
0.115838
0.378425
0.446427
0.498466
0.788138
0.465864
0.514346
0.066181
0.131308
0.057638
0.179020
0.108687
0.439887
0.588010
0.466248
0.879222
0.594928
0.146047
0.459841
0.619804
0.510167
0.196840
0.739991
0.278362
0.217572
0.109889
0.274017
0.298867
0.367627
0.452359
0.504475
0.334568
0.561403
0.334141
0.781033
0.261026
0.025554
0.702212
0.208492
0.292515
0.508584
0.695863
0.600195
0.817932
0.310097
0.182590
0.246604
0.601181
0.328913
0.429518
0.497243
0.485866
0.709684
0.044230
0.319839
0.110861
0.532843
0.127698
0.958238
0.220579
0.712376
0.829947
0.941762
0.001996
0.072728
0.408894
0.833368
0.361483
0.254676
0.505909
0.727937
0.677582
0.717696
0.805218
0.739887
0.755761
0.553568
0.965288
0.565415
0.628922
0.193757
0.978640
0.190365
0.864746
0.179020
0.555561
0.530671
0.933518
0.950314
0.439103
0.637742
0.877401
0.353620
0.527251
0.144994
0.533398
0.783378
0.079687
0.425749
0.191814
0.843171
0.511258
0.471738
0.788088
0.794164
0.714443
0.272433
0.567888
0.445031
0.323671
0.527398
0.352934
0.819595
0.481167
0.805121
0.797568
0.468153
0.536225
0.070057
0.243964
0.275438
0.623943
0.199013
0.377831
0.196478
0.816358
0.645412
0.317545
0.429839
0.577696
0.070068
0.185672
0.716819
0.303642
0.216050
0.627561
0.058481
0.629660
0.740349
0.855138
0.520530
0.843915
0.506206
0.012619
0.723310
0.804131
0.158653
0.809878
0.668984
0.798715
0.555411
0.887651
0.761716
0.864498
0.825595
0.379906
0.667778
0.864746
0.208168
0.123734
0.045582
0.347111
0.217233
0.126362
0.417722
0.553875
0.183597
0.152884
0.193531
0.272734
0.296142
0.778833
0.532385
0.440720
0.604890
0.135824
0.009306
0.955286
0.137014
0.655553
0.989406
0.338676
0.337263
0.328108
0.866234
0.310135
0.571906
0.359881
0.899148
0.439198
0.419696
0.653345
0.204325
0.174110
0.379013
0.833191
0.729679
0.725727
0.226670
0.444752
0.260926
0.939191
0.651606
0.890767
0.486741
0.225387
0.803895
0.054775
0.377411
0.685268
0.666257
0.300203
0.701641
0.574954
0.652399
0.586922
0.412668
0.555306
0.704601
0.210136
0.793784
0.979616
0.020907
0.601754
0.774955
0.009551
0.951072
0.489906
0.831031
0.162927
0.038861
0.580745
0.208168
0.739939
0.230545
0.254676
0.811654
0.732236
0.155435
0.785858
0.584998
0.779959
0.888037
0.787656
0.183745
0.788429
0.332621
0.402982
0.989416
0.919271
0.671611
0.246445
0.627300
0.248476
0.718678
0.862795
0.978189
0.179816
0.003203
0.848138
0.225940
0.336483
0.377115
0.205725
0.196840
0.506995
0.803562
0.928629
0.410271
0.480969
0.597843
0.931999
0.480488
0.831888
0.312468
0.160275
0.553366
0.815849
0.079023
0.926273
0.244861
0.372624
0.735558
0.040373
0.763360
0.850170
0.853301
0.538101
0.977349
0.434185
0.472601
0.367876
0.108874
0.425975
0.789832
0.789492
0.579766
0.996632
0.203414
0.050570
0.594668
0.942504
0.310243
0.633227
0.054258
0.580745
0.662267
0.375388
0.923562
0.677582
0.645574
0.381981
0.968209
0.164925
0.685322
0.824045
0.712012
0.653183
0.578363
0.644258
0.588581
0.165284
0.187142
0.884461
0.113367
0.528459
0.295504
0.057292
0.756761
0.706000
0.295645
0.606566
0.548924
0.264292
0.684434
0.554946
0.752742
0.889936
0.942065
0.787315
0.029629
0.414811
0.260312
0.508482
0.602175
0.703719
0.869022
0.864873
0.076051
0.328913
0.962043
0.339303
0.245516
0.711754
0.502156
0.149765
0.629660
0.401710
0.493912
0.949704
0.954034
0.773078
0.905177
0.680043
0.516835
0.262655
0.071885
0.413249
0.497876
0.277339
0.055856
0.938710
0.471639
0.764658
0.775445
0.174344
0.871667
0.528960
0.468342
0.396778
0.662267
0.515937
0.983425
0.838319
0.552699
0.424886
0.268089
0.237484
0.861628
0.920088
0.969105
0.102669
0.909825
0.158392
0.291598
0.300816
0.719607
0.766596
0.843960
0.839604
0.180153
0.874930
0.232326
0.268556
0.505366
0.077891
0.830806
0.182981
0.263998
0.441973
0.106180
0.743644
0.755960
0.630029
0.467720
0.173899
0.004490
0.822718
0.666257
0.285186
0.606038
0.154774
0.451371
0.264556
0.477069
0.350797
0.000087
0.320298
0.364646
0.450439
0.652452
0.028324
0.526493
0.451748
0.986019
0.027228
0.521629
0.150182
0.488979
0.866807
0.256660
0.980810
0.360169
0.687779
0.147968
0.400529
0.139338
0.250992
0.890806
0.369410
0.415125
0.157286
0.325542
0.396778
0.868285
0.529366
0.557916
0.796756
0.478706
0.265612
0.487175
0.640996
0.434736
0.134304
0.838449
0.139670
0.657699
0.058209
0.732955
0.106210
0.177266
0.119347
0.209204
0.672601
0.964477
0.145317
0.263081
0.457524
0.757664
0.122696
0.346912
0.831394
0.908612
0.009673
0.986161
0.058121
0.949883
0.299843
0.572783
0.336833
0.662006
0.325996
0.892909
0.480297
0.314851
0.621009
0.457952
0.683124
0.344404
0.790942
0.348388
0.379862
0.801665
0.520083
0.825869
0.234380
0.421088
0.176430
0.725885
0.535366
0.672709
0.331503
0.759219
0.854115
0.835426
0.795893
0.071214
0.103166
0.778689
0.625671
0.337969
0.427698
0.818439
0.618438
0.749870
0.072772
0.059922
0.931427
0.868285
0.669092
0.496553
0.119107
0.883956
0.468293
0.369495
0.746635
0.357716
0.901466
0.790313
0.043523
0.861964
0.423527
0.943189
0.730137
0.832967
0.004223
0.129703
0.014378
0.851116
0.373630
0.496503
0.089376
0.791761
0.447730
0.078927
0.968307
0.058508
0.749619
0.302370
0.119022
0.597950
0.639165
0.797232
0.316868
0.349391
0.840134
0.845355
0.997461
0.136628
0.105565
0.104755
0.808468
0.705689
0.591078
0.402545
0.306197
0.870288
0.086389
0.691533
0.051792
0.300816
0.698517
0.320487
0.811654
0.131178
0.740192
0.553515
0.764308
0.860752
0.176668
0.511804
0.336518
0.498761
0.492537
0.483393
0.247692
0.803562
0.961976
0.030055
0.180394
0.175244
0.931427
0.449084
0.057344
0.412713
0.302881
0.203335
0.363162
0.954734
0.493418
0.792340
0.038812
0.694718
0.264951
0.182956
0.392959
0.739328
0.118156
0.230459
0.547393
0.171607
0.748050
0.086880
0.524389
0.047336
0.408758
0.429705
0.583600
0.015210
0.792869
0.371742
0.878075
0.760867
0.570153
0.819824
0.822765
0.951523
0.166029
0.343648
0.247349
0.138577
0.601028
0.694924
0.034950
0.123962
0.919271
0.448195
0.281824
0.708856
0.886157
0.816127
0.031838
0.075731
0.412355
0.963400
0.777655
0.321318
0.533043
0.442061
0.929334
0.578985
0.365886
0.476970
0.859492
0.588581
0.046298
0.771748
0.516988
0.103166
0.448755
0.469055
0.894253
0.077693
0.176361
0.868327
0.118850
0.449084
0.304336
0.912770
0.134210
0.748102
0.031302
0.720120
0.347152
0.320409
0.409069
0.636957
0.586557
0.947013
0.390108
0.833414
0.540276
0.507198
0.576295
0.530568
0.444983
0.877797
0.191280
0.355038
0.723928
0.889292
0.516535
0.011552
0.765154
0.658230
0.237303
0.396816
0.113841
0.865491
0.075356
0.685950
0.383047
0.771994
0.587956
0.259177
0.845834
0.341196
0.863878
0.883763
0.478558
0.479816
0.455172
0.673231
0.337383
0.377115
0.395168
0.769473
0.770118
0.292479
0.654868
0.283413
0.210659
0.524140
0.785907
0.685950
0.121911
0.508236
0.738209
0.650560
0.703924
0.770908
0.348593
0.473992
0.339972
0.569171
0.961890
0.766894
0.495914
0.915633
0.118850
0.299733
0.322151
0.299659
0.121634
0.652768
0.235430
0.338090
0.262167
0.537285
0.725832
0.149288
0.643150
0.514937
0.165037
0.627561
0.710253
0.783863
0.629344
0.386335
0.636903
0.553006
0.571286
0.785516
0.753295
0.540328
0.389383
0.907566
0.928629
0.712739
0.219298
0.229422
0.221207
0.830985
0.175859
0.774068
0.216953
0.907566
0.652768
0.979765
0.549125
0.925962
0.952441
0.345196
0.591390
0.259628
0.737903
0.401363
0.894553
0.937023
0.284489
0.764906
0.392744
0.038960
0.679100
0.639057
0.789832
0.139748
0.060311
0.568349
0.742582
0.353461
0.275945
0.714701
0.072464
0.665211
0.300525
0.864789
0.863459
0.041928
0.967797
0.404696
0.604209
0.422759
0.709942
0.269321
0.997800
0.519182
0.970005
0.197623
0.225506
0.736014
0.030814
0.106751
0.144894
0.222244
0.806869
0.831618
0.535314
0.554077
0.482039
0.392655
0.563050
0.509571
0.525691
0.569224
0.711390
0.000951
0.212646
0.128371
0.959334
0.128717
0.809500
0.246258
0.421497
0.319204
0.613774
0.997415
0.000543
0.347427
0.004727
0.716713
0.611528
0.864789
0.955429
0.516338
0.931938
0.513449
0.741920
0.062865
0.997216
0.938369
0.953646
0.403510
0.116841
0.748960
0.991160
0.351398
0.000736
0.053191
0.654922
0.988117
0.750121
0.524889
0.058689
0.157676
0.323214
0.729626
0.872638
0.174041
0.829047
0.272064
0.128589
0.692580
0.291701
0.216022
0.544032
0.155350
0.709942
0.245884
0.810393
0.536277
0.194996
0.861506
0.692374
0.793348
0.644412
0.559508
0.638795
0.776871
0.273207
0.029132
0.864000
0.651660
0.734280
0.837207
0.194690
0.902113
0.602542
0.398213
0.424296
0.844351
0.106535
0.963972
0.107123
0.707611
0.288217
0.911201
0.423395
0.407785
0.930369
0.231109
0.136188
0.339857
0.512852
0.412492
0.081340
0.449877
0.462775
0.050943
0.905353
0.034710
0.616972
0.085954
0.837474
0.049121
0.754400
0.254068
0.049044
0.939220
0.590454
0.664789
0.899404
0.725832
0.094881
0.966272
0.233456
0.646043
0.899984
0.885965
0.690861
0.714958
0.626931
0.305469
0.276487
0.058274
0.087292
0.197073
0.001102
0.364193
0.347708
0.360618
0.416731
0.245884
0.609491
0.215434
0.977637
0.098815
0.704601
0.319088
0.392313
0.964603
0.531225
0.321623
0.785858
0.792869
0.223534
0.217064
0.892497
0.024633
0.659168
0.651452
0.542863
0.696748
0.156982
0.944111
0.863379
0.658068
0.080083
0.851978
0.310687
0.016810
0.464297
0.933340
0.706988
0.415970
0.456399
0.585986
0.675541
0.915467
0.417762
0.644627
0.857002
0.151328
0.872070
0.313355
0.822489
0.411781
0.680089
0.151307
0.451049
0.130863
0.117919
0.469202
0.774263
0.055717
0.509775
0.024770
0.419564
0.630920
0.986031
0.080807
0.051317
0.861671
0.447963
0.684855
0.013741
0.336953
0.924514
0.693412
0.420052
0.950618
0.542208
0.545358
0.651083
0.909997
0.416731
