0.000000
0.000000
0.000000
0.000000
0.000000
0.000002
0.000000
0.000000
0.000001
0.000000
0.000005
0.000000
0.000002
0.000044
0.000004
0.000000
0.000000
0.000035
0.000000
0.000277
0.342088
0.008204
0.077075
0.000394
0.000913
0.312522
0.000070
0.000436
0.000000
0.000000
0.000000
0.287713
0.000000
0.010475
0.009341
0.000000
0.000113
0.636476
0.000741
0.000168
0.006427
0.000006
0.022481
0.000000
0.000000
0.039162
0.000000
0.000000
0.609815
0.000001
0.000000
0.000000
0.000000
0.000000
0.002812
0.000000
0.592665
0.026372
0.111294
0.000000
0.088709
0.000079
0.000002
0.000130
0.000000
0.000003
0.228785
0.000000
0.006089
0.000010
0.000000
0.305591
0.012121
0.000000
0.000000
0.000000
0.000000
0.000000
0.000000
0.000498
0.000000
0.000885
0.008463
0.000000
0.000486
0.004908
0.000065
0.000000
0.000000
0.040157
0.182500
0.000000
0.000000
0.010193
0.000115
0.000000
0.000000
0.000000
0.000000
0.000001
0.647248
0.000000
0.000232
0.004399
0.521886
0.000000
0.000017
0.413200
0.138533
0.913231
0.032353
0.000000
0.000000
0.428001
0.212059
0.000000
0.479708
0.000000
0.000000
0.000000
0.000001
0.000770
0.000003
0.011837
0.025553
0.001799
0.000000
0.012025
0.000003
0.000000
0.000078
0.000000
0.000000
0.000000
0.000001
0.001247
0.000002
0.000591
0.000000
0.000000
0.000000
0.000000
0.000127
0.000000
0.000000
0.000000
0.000000
0.000000
0.000000
0.000000
0.000000
0.000000
0.000000
0.000000
0.000000
0.000000
0.000249
0.000000
0.000000
0.000000
0.000000
0.000000
0.000000
0.359475
0.176611
0.000089
0.000079
0.000000
0.000000
0.115251
0.000001
0.000000
0.000157
0.000000
0.000302
0.000010
0.000000
0.000000
0.000003
0.000000
0.000000
0.000000
0.000000
0.000000
0.000000
0.000000
0.000001
0.000302
0.000000
0.000000
0.000462
0.000000
0.000012
0.000000
0.019121
0.000000
0.000000
0.011438
0.000000
0.000000
0.000000
0.000000
0.000000
0.000000
0.000000
0.000000
0.000000
0.000000
0.000000
0.000000
0.000059
0.000063
0.000061
0.000000
0.000000
0.000000
0.000000
0.000002
0.000254
0.089234
0.000000
0.000000
0.000000
0.000001
0.000000
0.086319
0.000000
0.000000
0.000000
0.000000
0.000033
0.121447
0.000000
0.000000
0.000000
0.004202
0.000000
0.000000
0.000000
0.013425
0.005578
0.004316
0.000000
0.000000
0.000000
0.155566
0.000000
0.000000
0.000000
0.000000
0.000000
0.012965
0.000000
0.000000
0.000000
0.000000
0.000000
0.000000
0.000092
0.000000
0.000000
0.000000
0.002699
0.000000
0.000000
0.000000
0.317885
0.000001
0.000000
0.000483
0.000019
0.010047
0.000000
0.000036
0.006735
0.000000
0.000000
0.000005
0.000053
0.000000
0.000000
0.000346
0.000000
0.000000
0.000000
0.000010
0.000000
0.000000
0.000000
0.000000
0.000000
0.000000
0.000000
0.000000
0.000000
0.000000
0.000000
0.000000
0.000091
0.000696
0.000000
0.000000
0.000001
0.000000
0.000001
0.173190
0.000001
0.036887
0.019671
0.009362
0.000418
0.000000
0.488257
0.000000
0.000018
0.000011
0.000000
0.299193
0.000001
0.030631
0.001472
0.000000
0.005625
0.000672
0.000000
0.000000
0.000020
0.000009
0.252854
0.000000
0.000433
0.205464
0.000000
0.000000
0.000000
0.000014
0.977786
0.002531
0.000417
0.004300
0.000068
0.001416
0.000000
0.300609
0.000000
0.002321
0.004353
0.000000
0.000000
0.000019
0.642354
0.000000
0.286260
0.034103
0.000000
0.000000
0.000000
0.000000
0.000000
0.000000
0.000063
0.001488
0.016771
0.000000
0.009601
0.000054
0.000016
0.000000
0.000000
0.000000
0.000000
0.003043
0.000000
0.129018
0.021035
0.283249
0.000000
0.545344
0.482030
0.027994
0.000028
0.000000
0.069235
0.000000
0.000000
0.000000
0.069792
0.000000
0.000000
0.000001
0.000000
0.062702
0.000083
0.065103
0.546328
0.511658
0.006509
0.000000
0.000000
0.000000
0.000007
0.000000
0.000000
0.000000
0.000000
0.000052
0.000000
0.558421
0.000000
0.000000
0.059602
0.000000
0.000000
0.000000
0.020074
0.000000
0.003579
0.117867
0.000000
0.000000
0.016017
0.000000
0.000000
0.000000
0.001005
0.000003
0.190666
0.977320
0.000000
0.000997
0.002965
0.000425
0.000000
0.000158
0.050034
0.110048
0.000000
0.069278
0.000000
0.000000
0.000048
0.000000
0.000000
0.000000
0.002005
0.000000
0.561396
0.013310
0.000000
0.174721
0.002393
0.000000
0.006851
0.004502
0.000000
0.000000
0.000150
0.019930
0.000102
0.000000
0.022118
0.000000
0.000000
0.000000
0.000005
0.644354
0.000028
0.009346
0.776685
0.000000
0.019395
0.000991
0.010745
0.000000
0.009741
0.127199
0.007285
0.000000
0.000000
0.094526
0.000000
0.000000
0.017763
0.116313
0.235754
0.000151
0.401751
0.081992
0.350380
0.000858
0.196813
0.272304
0.000000
0.002378
0.047931
0.000000
0.009430
0.000003
0.000000
0.001092
0.135612
0.000389
0.000000
0.129844
0.000000
0.000000
0.000001
0.000004
0.000001
0.010614
0.010764
0.000000
0.724868
0.000000
0.598372
0.000005
0.000000
0.000000
0.002005
0.039993
0.036049
0.124797
0.026080
0.603202
0.000040
0.000000
0.042591
0.060939
0.000049
0.000000
0.001332
0.000000
0.253730
0.000000
0.374326
0.001237
0.000000
0.000000
0.000000
0.000007
0.028443
0.323113
0.085645
0.000000
0.027182
0.590227
0.000014
0.000000
0.171112
0.000000
0.000000
0.000000
0.000000
0.373147
0.000000
0.001669
0.004467
0.000000
0.556769
0.000003
0.000000
0.000000
0.035434
0.000000
0.000000
0.026684
0.000753
0.000000
0.057756
0.000000
0.000000
0.000291
0.000000
0.003432
0.210604
0.001450
0.000000
0.000001
0.000008
0.000003
0.000071
0.019171
0.524705
0.000000
0.022273
0.000046
0.000000
0.000013
0.000000
0.000000
0.000000
0.000000
0.000000
0.000000
0.378322
0.019031
0.000008
0.980558
0.154939
0.000065
0.000000
0.435311
0.190889
0.916731
0.000000
0.932744
0.000881
0.047139
0.000000
0.000000
0.011038
0.571681
0.000101
0.697486
0.148775
0.065355
0.000113
0.000000
0.590928
0.888287
0.000696
0.000391
0.000002
0.000000
0.000000
0.000000
0.000002
0.000016
0.000000
0.000000
0.003384
0.002735
0.002853
0.607242
0.104499
0.725350
0.091592
0.000180
0.026450
0.000000
0.000000
0.115124
0.287508
0.001454
0.000001
0.000001
0.000317
0.000000
0.000000
0.014028
0.000044
0.002908
0.000063
0.000000
0.000000
0.000000
0.013950
0.000000
0.000003
0.000003
0.000000
0.013433
0.011388
0.000676
0.000000
0.000000
0.000000
0.000000
0.000009
0.000199
0.214027
0.214763
0.000000
0.000000
0.113803
0.825030
0.255394
0.000000
0.000048
0.000000
0.006267
0.000000
0.263401
0.018830
0.000066
0.000061
0.000000
0.000000
0.000000
0.000578
0.024454
0.000190
0.024831
0.005561
0.000000
0.008550
0.145505
0.027192
0.000001
0.000000
0.000020
0.026841
0.000000
0.000000
0.000000
0.000000
0.000189
0.000127
0.000000
0.000000
0.000001
0.000001
0.007239
0.000073
0.000040
0.000000
0.000040
0.000001
0.000000
0.000000
0.000000
0.040356
0.000000
0.000000
0.000000
0.073290
0.000000
0.000000
0.000000
0.000000
0.000080
0.000000
0.000000
0.175567
0.063024
0.238498
0.000000
0.000000
0.000000
0.000000
0.000000
0.000003
0.826098
0.762323
0.000000
0.897815
0.000272
0.021027
0.000000
0.000000
0.294204
0.009536
0.000000
0.007446
0.702454
0.000133
0.000000
0.000000
0.000000
0.000000
0.605007
0.050444
0.000000
0.093941
0.000004
0.015337
0.380106
0.487259
0.845531
0.000000
0.000000
0.000000
0.000000
0.000000
0.000000
0.008057
0.005075
0.000039
0.000082
0.400801
0.046266
0.000000
0.000072
0.000004
0.137931
0.048249
0.000001
0.000000
0.000000
0.000910
0.000062
0.000000
0.000013
0.000000
0.000000
0.826977
0.000000
0.822914
0.021522
0.000017
0.046160
0.000038
0.000000
0.000000
0.000133
0.000000
0.000000
0.000000
0.202792
0.000000
0.000000
0.000000
0.000000
0.000000
0.000000
0.000000
0.000014
0.000000
0.163374
0.000008
0.003722
0.000000
0.000000
0.000000
0.058508
0.000044
0.006960
0.000001
0.768181
0.000000
0.000219
0.132406
0.863596
0.000558
0.000000
0.000000
0.039592
0.000002
0.000000
0.000000
0.243121
0.000000
0.000000
0.000034
0.020282
0.000000
0.014925
0.000000
0.000373
0.522033
0.000000
0.000000
0.393633
0.000000
0.152812
0.000001
0.000000
0.000000
0.000000
0.003401
0.034016
0.000000
0.000000
0.000047
0.000000
0.000000
0.000025
0.000006
0.000000
0.000000
0.000000
0.000000
0.000000
0.000000
0.000000
0.000000
0.000003
0.000000
0.035471
0.000000
0.017102
0.000000
0.009112
0.000009
0.000000
0.000000
0.000000
0.000000
0.008240
0.205117
0.000000
0.222031
0.000029
0.000000
0.001164
0.000010
0.000000
0.000000
0.000036
0.009974
0.000109
0.008755
0.010114
0.000000
0.000233
0.000000
0.000000
0.003483
0.000013
0.000000
0.565793
0.309097
0.000010
0.047953
0.000036
0.172012
0.000004
0.000000
0.000000
0.000058
0.000374
0.000000
0.000000
0.000000
0.000101
0.000000
0.049842
0.000001
0.000000
0.001383
0.000000
0.542603
0.553442
0.231223
0.375852
0.000000
0.000000
0.000000
0.000000
0.000000
0.544122
0.000000
0.097032
0.000009
0.000000
0.083075
0.219753
0.000000
0.000001
0.000738
0.000000
0.000093
0.000001
0.000319
0.000001
0.000000
0.122037
0.005519
0.025231
0.031836
0.000000
0.000000
0.008240
0.000000
0.000005
0.000000
0.000000
0.001814
0.012998
0.000000
0.000000
0.000399
0.000000
0.000140
0.077866
0.000000
0.000059
0.000000
0.000006
0.001473
0.000000
0.000721
0.000000
0.157231
0.352503
0.000014
0.000002
0.000000
0.003681
0.000001
0.000000
0.000020
0.000000
0.000004
0.000000
0.000000
0.000000
0.000000
0.000062
0.008387
0.000000
0.000000
0.000013
0.000000
0.000000
0.000001
0.000000
0.000217
0.000000
0.000061
0.000000
0.003924
0.000000
0.000000
0.000000
0.000000
0.000000
0.000000
0.000000
0.000000
0.000000
0.000000
0.000000
0.000000
0.000000
0.000000
0.000000
0.000000
0.000000
0.000000
0.000000
0.000000
0.000000
0.000000
0.000000
0.000000
0.000000
0.001577
0.000000
0.176318
0.027714
0.000000
0.000000
0.000000
0.095360
0.004559
0.000000
0.000004
0.001637
0.000116
0.134921
0.000000
0.000000
0.000000
0.000000
0.508779
0.000000
0.000000
0.692723
0.982535
0.000537
0.008474
0.480217
0.425288
0.000000
0.000000
0.814640
0.376049
0.039863
0.000045
0.063524
0.000000
0.194233
0.000000
0.256823
0.000001
0.000001
0.000006
0.000000
0.000131
0.574828
0.785816
0.002642
0.030582
0.044498
0.000000
0.000000
0.000000
0.189909
0.004483
0.106919
0.000000
0.000000
0.193991
0.476517
0.000000
0.000000
0.000594
0.000000
0.105779
0.975659
0.505097
0.832141
0.000000
0.923403
0.000000
0.003226
0.000000
0.000000
0.000000
0.000000
0.000000
0.000109
0.000000
0.000000
0.037472
0.062359
0.000012
0.000033
0.000000
0.000000
0.118791
0.047636
0.002456
0.859261
0.640569
0.000605
0.030486
0.000000
0.000378
0.740535
0.009451
0.000000
0.000000
0.289316
0.000000
0.000043
0.000304
0.001975
0.000136
0.000000
0.461745
0.000001
0.310589
0.000000
0.000000
0.036127
0.001382
0.011912
0.215665
0.000000
0.000000
0.479341
0.000494
0.816788
0.147739
0.000000
0.131195
0.000000
0.211443
0.000000
0.000000
0.000000
0.000000
0.000000
0.000000
0.000000
0.000000
0.000000
0.000000
0.000000
0.000000
0.000000
0.004449
0.000000
0.206906
0.000000
0.000000
0.000000
0.000000
0.000000
0.000000
0.000000
0.000000
0.000000
0.005906
0.000000
0.556409
0.246680
0.000000
0.000063
0.005277
0.000000
0.332951
0.000000
0.000032
0.000404
0.020312
0.182715
0.000000
0.000000
0.000000
0.000211
0.049469
0.000001
0.000000
0.322445
0.036522
0.000000
0.031912
0.117581
0.217396
0.000014
0.000000
0.728177
0.000000
0.473393
0.000000
0.032121
0.000000
0.080278
0.000000
0.036430
0.000000
0.006413
0.081113
0.000000
0.006437
0.068079
0.306256
0.002314
0.113957
0.000010
0.000000
0.000000
0.000000
0.384616
0.145874
0.000626
0.000022
0.000000
0.001387
0.010519
0.000000
0.000000
0.000057
0.000274
0.458808
0.858571
0.197761
0.761533
0.000000
0.004354
0.000000
0.000026
0.000009
0.000000
0.000000
0.000000
0.000000
0.026542
0.000000
0.000000
0.812046
0.000185
0.000001
0.038535
0.000000
0.000000
0.054716
0.293849
0.000021
0.097828
0.797731
0.018603
0.387272
0.000000
0.000000
0.053242
0.002153
0.000000
0.000000
0.000047
0.000000
0.000000
0.000044
0.909966
0.001884
0.000000
0.089824
0.000033
0.076082
0.003007
0.000000
0.120940
0.088655
0.003006
0.796021
0.000012
0.000000
0.000002
0.000000
0.595716
0.712208
0.000000
0.010297
0.000000
0.673973
0.000000
0.000000
0.000000
0.000000
0.000000
0.000000
0.000000
0.000000
0.000000
0.000000
0.000000
0.000000
0.000000
0.134977
0.000000
0.590776
0.000000
0.000000
0.000000
0.000000
0.000000
0.000000
0.000000
0.000000
