0.000000
0.000000
0.000000
0.000000
0.000000
0.000000
0.000000
0.000000
0.000000
0.000000
0.000000
0.000000
0.000000
0.000000
0.000000
0.000000
0.755273
0.884332
0.598059
0.665102
0.248768
0.366094
0.658080
0.677872
0.299747
0.490411
0.318857
0.427347
0.653336
0.339551
0.147593
0.343571
0.533098
0.373023
0.308780
0.711341
0.371596
0.356600
0.770766
0.821552
0.000000
0.000000
0.000000
0.000000
0.000000
0.000000
0.000000
0.000000
0.000000
0.000000
0.000000
0.000000
0.000000
0.000000
0.000000
0.000000
0.000000
0.000000
0.000000
0.000000
0.000000
0.000000
0.000000
0.000000
0.000000
0.000000
0.000000
0.000000
0.000000
0.000000
0.000000
0.000000
